>9532 class:Helix-Turn-Helix family:Homeo medline:19111667
A,C,G,T
7.0 , 10.0 , 3.0 , 79.0
0.0 , 0.0 , 100.0 , 0.0
84.0 , 0.0 , 9.0 , 7.0
1.0 , 99.0 , 0.0 , 0.0
91.0 , 0.0 , 9.0 , 0.0
0.0 , 64.0 , 9.0 , 27.0
75.0 , 15.0 , 0.0 , 10.0
40.0 , 0.0 , 0.0 , 60.0
39.0 , 13.0 , 3.0 , 45.0

>9562 class:Helix-Turn-Helix family:Homeo medline:19111667
A,C,G,T
6.0 , 67.0 , 6.0 , 21.0
54.0 , 0.0 , 46.0 , 0.0
4.0 , 0.0 , 0.0 , 96.0
0.0 , 0.0 , 100.0 , 0.0
0.0 , 0.0 , 0.0 , 100.0
93.0 , 0.0 , 0.0 , 7.0
88.0 , 2.0 , 2.0 , 9.0
40.0 , 8.0 , 8.0 , 44.0

>9571 class:Helix-Turn-Helix family:Homeo medline:16522208
A,C,G,T
101.0 , 0.0 , 101.0 , 0.0
0.0 , 203.0 , 0.0 , 0.0
203.0 , 0.0 , 0.0 , 0.0
0.0 , 203.0 , 0.0 , 0.0
203.0 , 0.0 , 0.0 , 0.0
203.0 , 0.0 , 0.0 , 0.0
0.0 , 0.0 , 0.0 , 203.0

>9572 class:Helix-Turn-Helix family:Homeo medline:10487868
A,C,G,T
0.0 , 10.0 , 0.0 , 1.0
9.0 , 0.0 , 2.0 , 0.0
0.0 , 0.0 , 0.0 , 11.0
0.0 , 0.0 , 11.0 , 0.0
0.0 , 0.0 , 0.0 , 11.0
10.0 , 0.0 , 0.0 , 1.0
9.0 , 1.0 , 0.0 , 1.0
4.0 , 0.0 , 0.0 , 7.0
0.0 , 0.0 , 0.0 , 11.0

>9600 class:Helix-Turn-Helix family:Homeo medline:19111667
A,C,G,T
52.0 , 0.0 , 8.0 , 41.0
12.0 , 0.0 , 0.0 , 88.0
100.0 , 0.0 , 0.0 , 0.0
56.0 , 0.0 , 0.0 , 44.0
23.0 , 0.0 , 0.0 , 77.0
63.0 , 0.0 , 0.0 , 37.0

>9637 class:Helix-Turn-Helix family:Homeo medline:17130146
A,C,G,T
0.0 , 3261.0 , 96.0 , 25022.0
4297.0 , 0.0 , 24137.0 , 198.0
27122.0 , 0.0 , 1278.0 , 0.0
25290.0 , 167.0 , 2703.0 , 0.0
27887.0 , 0.0 , 0.0 , 0.0
98.0 , 27779.0 , 0.0 , 97.0
15301.0 , 3002.0 , 9387.0 , 2275.0

>9650 class:Helix-Turn-Helix family:Homeo medline:19111667
A,C,G,T
52.0 , 7.0 , 34.0 , 7.0
0.0 , 95.0 , 5.0 , 0.0
100.0 , 0.0 , 0.0 , 0.0
5.0 , 0.0 , 0.0 , 95.0
0.0 , 0.0 , 0.0 , 100.0
0.0 , 91.0 , 9.0 , 0.0
0.0 , 68.0 , 0.0 , 32.0
10.0 , 47.0 , 15.0 , 28.0

>9652 class:Helix-Turn-Helix family:Homeo medline:19111667
A,C,G,T
28.0 , 47.0 , 20.0 , 5.0
1.0 , 16.0 , 1.0 , 82.0
0.0 , 0.0 , 100.0 , 0.0
0.0 , 0.0 , 0.0 , 100.0
0.0 , 100.0 , 0.0 , 0.0
100.0 , 0.0 , 0.0 , 0.0
64.0 , 7.0 , 7.0 , 22.0
50.0 , 15.0 , 15.0 , 19.0

>9670 class:Helix-Turn-Helix family:Homeo medline:16522208
A,C,G,T
0.0 , 0.0 , 0.0 , 203.0
203.0 , 0.0 , 0.0 , 0.0
203.0 , 0.0 , 0.0 , 0.0
0.0 , 0.0 , 0.0 , 203.0
0.0 , 0.0 , 0.0 , 203.0
0.0 , 0.0 , 203.0 , 0.0

>9677 class:Helix-Turn-Helix family:Homeo medline:19111667
A,C,G,T
1.0 , 25.0 , 7.0 , 66.0
0.0 , 0.0 , 0.0 , 100.0
100.0 , 0.0 , 0.0 , 0.0
100.0 , 0.0 , 0.0 , 0.0
0.0 , 0.0 , 0.0 , 100.0
0.0 , 0.0 , 0.0 , 100.0
62.0 , 3.0 , 15.0 , 21.0
54.0 , 13.0 , 13.0 , 19.0

